0
0
0
0
0
0
0
0.001
0
0
0
0
0
0.001
0.002
0.002
0.005
0.001
0.004
0.002
0.007
0.012
0.011
0.013
0.013
0.012
0.02
0.021
0.022
0.028
0.025
0.039
0.05
0.036
0.068
0.068
0.067
0.059
0.088
0.081
0.1
0.108
0.135
0.137
0.16
0.168
0.155
0.2
0.209
0.224
0.248
0.267
0.271
0.303
0.348
0.384
0.411
0.412
0.481
0.563
0.502
0.596
0.652
0.694
0.71
0.726
0.837
0.935
1.037
0.993
1.08
1.201
1.25
1.357
1.45
1.509
1.684
1.728
1.76
1.876
1.998
2.168
2.282
2.408
2.55
2.579
2.832
3.064
3.144
3.338
3.638
3.782
3.916
4.041
4.367
4.606
4.794
5.062
5.245
5.567
