0
0
0
0
0
0
0
0
0
0
0
0
0
0
0
0
0
0
0
0
0
0
0
0
0
0
0
0
0
0
0
0
0
0
0
0
0
0
0.001
0.001
0.001
0
0.001
0
0.002
0.001
0.002
0.003
0
0.003
0.001
0.004
0.007
0.008
0.004
0.007
0.009
0.016
0.023
0.033
0.034
0.043
0.039
0.063
0.073
0.089
0.092
0.102
0.137
0.141
0.209
0.235
0.248
0.32
0.372
0.4
0.498
0.603
0.705
0.86
0.955
1.134
1.237
1.451
1.675
1.896
2.229
2.639
2.872
3.402
3.843
4.48
5.033
5.855
6.648
7.464
8.49
9.903
10.878
12.526
0
0
0
0
0
0
0
0
0
0
0
0
0
0
0
0
0
0
0
0
0
0
0
0
0
0
0
0
0
0
0
0
0
0
0
0
0
0.001
0
0.002
0.001
0.002
0.001
0.002
0.003
0.003
0.002
0.002
0.003
0.004
0.003
0.01
0.009
0.01
0.02
0.015
0.022
0.023
0.023
0.031
0.034
0.054
0.059
0.076
0.071
0.1
0.112
0.14
0.141
0.181
0.213
0.286
0.336
0.366
0.443
0.456
0.581
0.647
0.754
0.837
0.998
1.172
1.366
1.546
1.703
2.008
2.325
2.779
3.12
3.396
3.959
4.382
5.071
5.885
6.487
7.335
8.324
9.536
10.607
11.922
0
0
0
0
0
0
0
0
0
0
0
0
0
0
0
0
0
0
0
0
0
0
0
0
0
0
0.001
0
0
0
0
0
0
0
0.001
0
0.001
0
0.001
0
0
0
0.003
0.005
0.002
0.001
0.002
0.001
0.005
0.007
0.008
0.01
0.013
0.011
0.015
0.026
0.027
0.027
0.037
0.057
0.047
0.079
0.095
0.095
0.132
0.114
0.154
0.166
0.208
0.249
0.281
0.318
0.375
0.428
0.5
0.601
0.648
0.718
0.853
1.032
1.113
1.308
1.477
1.768
1.867
2.168
2.39
2.753
3.057
3.592
3.908
4.576
4.984
5.713
6.297
7.103
8.185
9.001
10.061
11.325
0
0
0
0
0
0
0
0
0
0
0
0
0
0
0
0
0
0
0
0
0
0
0
0
0
0.001
0
0
0
0
0
0.001
0.001
0.001
0
0
0
0.002
0.001
0
0.002
0.002
0.002
0.004
0.004
0.007
0.006
0.006
0.01
0.009
0.021
0.015
0.023
0.027
0.028
0.045
0.038
0.05
0.055
0.067
0.079
0.097
0.107
0.128
0.135
0.154
0.211
0.214
0.274
0.268
0.307
0.382
0.427
0.516
0.585
0.638
0.784
0.87
0.901
1.121
1.257
1.437
1.561
1.782
1.945
2.188
2.588
2.792
3.247
3.553
4.047
4.478
5.078
5.548
6.155
6.843
7.779
8.824
9.474
10.798
0
0
0
0
0
0
0
0
0
0
0
0
0
0
0
0
0
0
0
0
0
0
0
0
0
0.001
0
0
0
0.001
0
0
0.001
0.001
0
0.002
0
0.004
0.003
0.001
0.004
0.003
0.006
0.007
0.006
0.008
0.008
0.014
0.009
0.017
0.024
0.02
0.036
0.028
0.041
0.062
0.052
0.05
0.061
0.076
0.093
0.116
0.128
0.16
0.168
0.219
0.26
0.25
0.298
0.349
0.394
0.466
0.507
0.57
0.689
0.76
0.851
0.928
1.135
1.206
1.381
1.564
1.712
1.874
2.148
2.314
2.676
2.96
3.283
3.665
4.096
4.441
4.896
5.604
6.049
6.721
7.25
8.26
9.046
9.967
0
0
0
0
0
0
0
0
0
0
0
0
0
0
0
0
0
0
0
0
0
0
0
0
0
0.002
0
0
0
0.001
0.003
0
0
0.003
0.004
0.003
0.002
0.005
0.001
0.007
0.008
0.009
0.008
0.013
0.012
0.016
0.007
0.023
0.029
0.021
0.027
0.038
0.054
0.04
0.054
0.046
0.084
0.085
0.1
0.107
0.133
0.157
0.187
0.179
0.208
0.224
0.302
0.32
0.353
0.447
0.453
0.522
0.645
0.651
0.77
0.865
0.967
1.075
1.187
1.335
1.475
1.693
1.83
2.017
2.171
2.498
2.737
3.003
3.356
3.674
4.013
4.488
4.99
5.368
5.743
6.456
7.209
7.83
8.419
9.238
0
0
0
0
0
0
0
0
0
0
0
0
0
0
0
0.001
0
0
0
0.001
0
0
0
0.001
0
0
0.001
0
0.001
0
0.002
0.004
0.003
0.004
0.002
0.003
0.006
0.009
0.01
0.013
0.003
0.015
0.008
0.015
0.019
0.017
0.027
0.031
0.034
0.051
0.037
0.056
0.062
0.07
0.069
0.108
0.112
0.114
0.142
0.141
0.167
0.217
0.241
0.253
0.299
0.371
0.388
0.37
0.448
0.522
0.601
0.621
0.775
0.797
0.902
0.941
1.02
1.197
1.422
1.43
1.539
1.715
1.914
2.127
2.32
2.553
2.801
3.132
3.236
3.691
4.126
4.36
4.837
5.199
5.77
6.145
6.698
7.222
7.917
8.524
0
0
0
0
0
0
0
0
0
0
0
0
0
0
0
0
0
0
0
0
0.001
0.001
0
0.001
0.002
0
0
0
0.003
0.003
0.004
0.006
0.005
0.004
0.005
0.009
0.009
0.015
0.01
0.014
0.019
0.023
0.014
0.03
0.035
0.032
0.04
0.044
0.047
0.046
0.076
0.09
0.108
0.125
0.124
0.145
0.138
0.163
0.192
0.236
0.24
0.245
0.321
0.335
0.39
0.41
0.463
0.495
0.578
0.602
0.687
0.769
0.816
0.932
1.044
1.076
1.19
1.306
1.435
1.513
1.719
1.872
2.094
2.235
2.43
2.574
2.935
3.112
3.419
3.585
3.941
4.245
4.621
4.981
5.486
5.986
6.217
6.863
7.26
7.759
0
0
0
0
0
0
0
0
0
0
0
0
0
0
0
0
0
0
0
0
0
0
0.002
0.002
0.002
0.005
0.002
0.003
0.003
0.007
0.009
0.006
0.013
0.01
0.018
0.013
0.017
0.02
0.021
0.027
0.03
0.036
0.027
0.059
0.06
0.076
0.068
0.093
0.083
0.11
0.106
0.128
0.133
0.152
0.189
0.188
0.198
0.238
0.259
0.281
0.337
0.3
0.417
0.402
0.458
0.518
0.556
0.59
0.658
0.765
0.832
0.855
0.973
1.111
1.165
1.197
1.341
1.46
1.647
1.728
1.804
2.006
2.078
2.412
2.612
2.754
2.954
2.977
3.318
3.715
3.784
4.178
4.459
4.768
5.036
5.478
5.834
6.307
6.565
6.957
0
0
0
0
0
0
0
0
0
0
0
0
0.002
0
0.001
0
0
0.002
0
0.001
0.003
0.005
0.003
0.004
0.007
0.005
0.002
0.007
0.006
0.013
0.023
0.013
0.019
0.025
0.025
0.036
0.038
0.027
0.044
0.045
0.075
0.058
0.074
0.101
0.104
0.092
0.106
0.104
0.152
0.136
0.154
0.206
0.194
0.238
0.231
0.298
0.286
0.309
0.369
0.366
0.401
0.459
0.518
0.543
0.523
0.653
0.672
0.72
0.813
0.885
0.946
1.016
1.124
1.243
1.293
1.382
1.53
1.597
1.703
1.866
1.906
2.169
2.336
2.401
2.562
2.642
2.945
3.102
3.373
3.529
3.75
3.954
4.099
4.497
4.671
4.98
5.36
5.531
5.935
6.362
0
0
0
0
0
0
0
0.001
0
0
0
0
0
0.001
0.002
0.002
0.005
0.001
0.004
0.002
0.007
0.012
0.011
0.013
0.013
0.012
0.02
0.021
0.022
0.028
0.025
0.039
0.05
0.036
0.068
0.068
0.067
0.059
0.088
0.081
0.1
0.108
0.135
0.137
0.16
0.168
0.155
0.2
0.209
0.224
0.248
0.267
0.271
0.303
0.348
0.384
0.411
0.412
0.481
0.563
0.502
0.596
0.652
0.694
0.71
0.726
0.837
0.935
1.037
0.993
1.08
1.201
1.25
1.357
1.45
1.509
1.684
1.728
1.76
1.876
1.998
2.168
2.282
2.408
2.55
2.579
2.832
3.064
3.144
3.338
3.638
3.782
3.916
4.041
4.367
4.606
4.794
5.062
5.245
5.567
0
0
0
0.001
0
0.002
0.001
0.001
0.003
0.001
0.003
0.003
0.005
0.009
0.006
0.004
0.008
0.01
0.013
0.016
0.024
0.019
0.024
0.024
0.031
0.049
0.04
0.042
0.055
0.056
0.051
0.077
0.091
0.102
0.098
0.129
0.102
0.134
0.152
0.171
0.198
0.198
0.172
0.231
0.216
0.264
0.297
0.268
0.326
0.359
0.364
0.412
0.446
0.432
0.498
0.517
0.602
0.614
0.643
0.658
0.736
0.739
0.768
0.854
0.909
0.944
0.986
1.052
1.151
1.182
1.335
1.344
1.38
1.412
1.565
1.702
1.741
1.863
1.894
2.022
2.059
2.118
2.278
2.413
2.495
2.626
2.692
2.841
2.972
3.163
3.241
3.419
3.527
3.822
3.928
4.028
4.009
4.273
4.513
4.732
0
0
0
0
0
0
0
0
0
0
0.005
0.006
0.003
0.009
0.013
0.023
0.006
0.044
0.023
0.011
0.025
0.034
0.054
0.044
0.046
0.076
0.067
0.082
0.066
0.11
0.089
0.124
0.114
0.192
0.19
0.186
0.201
0.253
0.252
0.219
0.273
0.327
0.292
0.32
0.388
0.377
0.382
0.403
0.5
0.488
0.508
0.53
0.565
0.644
0.695
0.671
0.744
0.77
0.818
0.914
0.904
0.91
0.994
0.997
1.062
1.109
1.204
1.141
1.33
1.255
1.513
1.461
1.463
1.602
1.574
1.725
1.673
1.968
1.869
2.026
2.139
2.157
2.208
2.214
2.393
2.511
2.634
2.688
2.733
2.881
2.82
3.083
3.076
3.404
3.27
3.584
3.474
3.739
3.997
4.039
0
0
0
0.003
0.011
0.015
0.012
0.011
0.029
0.031
0.036
0.055
0.032
0.068
0.056
0.055
0.077
0.079
0.111
0.105
0.129
0.13
0.174
0.178
0.139
0.18
0.206
0.223
0.244
0.258
0.277
0.301
0.297
0.274
0.379
0.406
0.413
0.431
0.403
0.478
0.472
0.495
0.541
0.566
0.581
0.597
0.68
0.68
0.703
0.725
0.783
0.774
0.856
0.858
0.923
0.924
0.943
1.034
0.993
1.042
1.076
1.174
1.124
1.127
1.249
1.291
1.362
1.372
1.39
1.403
1.464
1.552
1.532
1.577
1.722
1.676
1.788
1.81
1.821
1.868
1.934
1.994
2.028
2.065
2.114
2.112
2.309
2.352
2.464
2.454
2.469
2.614
2.559
2.693
2.751
2.695
2.884
2.893
2.913
2.849
0.005
0.031
0.056
0.073
0.084
0.112
0.123
0.173
0.14
0.178
0.212
0.255
0.262
0.277
0.274
0.296
0.305
0.361
0.379
0.348
0.433
0.436
0.441
0.497
0.458
0.481
0.518
0.55
0.533
0.596
0.619
0.605
0.648
0.724
0.682
0.748
0.747
0.772
0.74
0.847
0.793
0.822
0.879
0.902
0.901
0.919
0.936
0.983
0.95
0.973
1.035
1
1
1.07
1.138
1.105
1.102
1.152
1.171
1.195
1.179
1.193
1.216
1.295
1.325
1.233
1.319
1.382
1.361
1.466
1.347
1.384
1.484
1.473
1.422
1.473
1.6
1.631
1.502
1.594
1.619
1.584
1.62
1.681
1.659
1.692
1.778
1.776
1.74
1.891
1.816
1.892
1.962
1.88
1.895
1.931
1.87
1.958
1.958
1.874