0
0
0
0
0
0
0
0
0
0
0
0
0
0
0
0
0
0
0
0
0
0
0.002
0.002
0.002
0.005
0.002
0.003
0.003
0.007
0.009
0.006
0.013
0.01
0.018
0.013
0.017
0.02
0.021
0.027
0.03
0.036
0.027
0.059
0.06
0.076
0.068
0.093
0.083
0.11
0.106
0.128
0.133
0.152
0.189
0.188
0.198
0.238
0.259
0.281
0.337
0.3
0.417
0.402
0.458
0.518
0.556
0.59
0.658
0.765
0.832
0.855
0.973
1.111
1.165
1.197
1.341
1.46
1.647
1.728
1.804
2.006
2.078
2.412
2.612
2.754
2.954
2.977
3.318
3.715
3.784
4.178
4.459
4.768
5.036
5.478
5.834
6.307
6.565
6.957
