0.005
0.031
0.056
0.073
0.084
0.112
0.123
0.173
0.14
0.178
0.212
0.255
0.262
0.277
0.274
0.296
0.305
0.361
0.379
0.348
0.433
0.436
0.441
0.497
0.458
0.481
0.518
0.55
0.533
0.596
0.619
0.605
0.648
0.724
0.682
0.748
0.747
0.772
0.74
0.847
0.793
0.822
0.879
0.902
0.901
0.919
0.936
0.983
0.95
0.973
1.035
1
1
1.07
1.138
1.105
1.102
1.152
1.171
1.195
1.179
1.193
1.216
1.295
1.325
1.233
1.319
1.382
1.361
1.466
1.347
1.384
1.484
1.473
1.422
1.473
1.6
1.631
1.502
1.594
1.619
1.584
1.62
1.681
1.659
1.692
1.778
1.776
1.74
1.891
1.816
1.892
1.962
1.88
1.895
1.931
1.87
1.958
1.958
1.874
