0
0
0
0.003
0.011
0.015
0.012
0.011
0.029
0.031
0.036
0.055
0.032
0.068
0.056
0.055
0.077
0.079
0.111
0.105
0.129
0.13
0.174
0.178
0.139
0.18
0.206
0.223
0.244
0.258
0.277
0.301
0.297
0.274
0.379
0.406
0.413
0.431
0.403
0.478
0.472
0.495
0.541
0.566
0.581
0.597
0.68
0.68
0.703
0.725
0.783
0.774
0.856
0.858
0.923
0.924
0.943
1.034
0.993
1.042
1.076
1.174
1.124
1.127
1.249
1.291
1.362
1.372
1.39
1.403
1.464
1.552
1.532
1.577
1.722
1.676
1.788
1.81
1.821
1.868
1.934
1.994
2.028
2.065
2.114
2.112
2.309
2.352
2.464
2.454
2.469
2.614
2.559
2.693
2.751
2.695
2.884
2.893
2.913
2.849
