0
0
0
0
0
0
0
0
0
0
0
0
0.002
0
0.001
0
0
0.002
0
0.001
0.003
0.005
0.003
0.004
0.007
0.005
0.002
0.007
0.006
0.013
0.023
0.013
0.019
0.025
0.025
0.036
0.038
0.027
0.044
0.045
0.075
0.058
0.074
0.101
0.104
0.092
0.106
0.104
0.152
0.136
0.154
0.206
0.194
0.238
0.231
0.298
0.286
0.309
0.369
0.366
0.401
0.459
0.518
0.543
0.523
0.653
0.672
0.72
0.813
0.885
0.946
1.016
1.124
1.243
1.293
1.382
1.53
1.597
1.703
1.866
1.906
2.169
2.336
2.401
2.562
2.642
2.945
3.102
3.373
3.529
3.75
3.954
4.099
4.497
4.671
4.98
5.36
5.531
5.935
6.362
