0
0
0
0
0
0
0
0
0
0
0.005
0.006
0.003
0.009
0.013
0.023
0.006
0.044
0.023
0.011
0.025
0.034
0.054
0.044
0.046
0.076
0.067
0.082
0.066
0.11
0.089
0.124
0.114
0.192
0.19
0.186
0.201
0.253
0.252
0.219
0.273
0.327
0.292
0.32
0.388
0.377
0.382
0.403
0.5
0.488
0.508
0.53
0.565
0.644
0.695
0.671
0.744
0.77
0.818
0.914
0.904
0.91
0.994
0.997
1.062
1.109
1.204
1.141
1.33
1.255
1.513
1.461
1.463
1.602
1.574
1.725
1.673
1.968
1.869
2.026
2.139
2.157
2.208
2.214
2.393
2.511
2.634
2.688
2.733
2.881
2.82
3.083
3.076
3.404
3.27
3.584
3.474
3.739
3.997
4.039
