0
0
0
0.001
0
0.002
0.001
0.001
0.003
0.001
0.003
0.003
0.005
0.009
0.006
0.004
0.008
0.01
0.013
0.016
0.024
0.019
0.024
0.024
0.031
0.049
0.04
0.042
0.055
0.056
0.051
0.077
0.091
0.102
0.098
0.129
0.102
0.134
0.152
0.171
0.198
0.198
0.172
0.231
0.216
0.264
0.297
0.268
0.326
0.359
0.364
0.412
0.446
0.432
0.498
0.517
0.602
0.614
0.643
0.658
0.736
0.739
0.768
0.854
0.909
0.944
0.986
1.052
1.151
1.182
1.335
1.344
1.38
1.412
1.565
1.702
1.741
1.863
1.894
2.022
2.059
2.118
2.278
2.413
2.495
2.626
2.692
2.841
2.972
3.163
3.241
3.419
3.527
3.822
3.928
4.028
4.009
4.273
4.513
4.732
